-0.6126784013446769,-2.9649024490714875,-0.8727718732359264,-1.1595713046092766,-2.145708266437617,-0.652128385998803,-1.3204083990918571,2.903638456242426,-0.2552380592142338,-2.7931897093934213,0.6380015535959398,0.43152418672406956,-2.9903572768911326,2.4862440609564613,-2.6697103417364216,-2.463541517457822,-1.5062511276165205,-1.7917222135452797,1.8285970648777772,-1.8771836322466944,0.46619575500008814,1.6767432294504507,2.5579416168895364,1.3435049598069853,2.8979421563977628,-2.24822539819987,0.665327253897833,1.900699666817541,-2.4520612865813103,0.06230967238138785,-2.0401195622478148,-1.8644511117679485,1.651769034721669,-1.1418850916029726,-2.8143276336189906,-1.2753416228426626,2.6765873736907277,2.5447321796900813,1.2775570761827808,1.1117110750948669,-2.7864170822741348,-0.2759630260005199,2.076524816800716,1.5506266625567449,-1.3758822935733315,1.779901288479948,1.7447453581462362,-0.17778700953578808
numHidden 	5
numGenes 	48
minGene 	-3.0
maxGene 	3.0
popSize 	200
maxEvaluations 	20000
mutateRate 	0.01
mutateChange 	0.05
seed 	1553697169341
random 	java.util.Random@37d3d232
neuralNetworkClass 	class coursework.TwoPointTournamentSelectionEA
Training Set Training
Fitness 0.21156746676144209